2 4032.87
2 8622.57
4 5380.08
4 1608.96
3 5668.24
1 4947.82
5 7506.33
5 2103.37
2 9972.28
5 7746.45
1 461.20
1 5769.04
1 479.78
1 1597.28
5 283.28
3 6028.48
0 2925.60
0 1773.07
4 3029.13
4 1899.58
1 9379.83
5 1461.18
5 3314.45
0 9724.68
4 6790.52
5 628.02
5 5016.33
5 3359.83
0 8566.35
5 3284.93
2 9019.71
0 5831.77
5 332.39
3 2413.41
3 5390.64
0 7970.80
5 3491.67
2 4307.43
2 9859.24
0 2027.00
5 2725.25
0 6590.62
5 6995.20
4 777.94
4 6063.78
2 6666.36
3 4958.56
4 5135.44
0 8663.25
4 9858.22
3 9208.64
4 5759.28
2 3917.81
1 8998.90
2 5053.92
2 6685.75
0 8042.37
0 9725.30
3 1425.64
3 1478.74
2 6757.93
2 8237.59
4 758.00
4 4911.21
0 5212.38
2 780.08
2 2357.74
0 5684.90
3 4769.52
5 6601.70
3 9145.88
3 8196.04
5 2799.25
4 8653.88
1 154.52
0 3854.92
4 4101.62
5 8783.75
3 3661.38
1 4967.08
4 5097.68
0 6680.29
1 8345.05
2 6683.95
0 4419.75
3 4331.43
5 2343.65
0 5030.79
0 6034.16
4 249.77
2 2599.70
5 1519.70
0 3529.03
3 224.81
5 9374.14
1 7355.50
1 6700.16
0 3859.50
2 3312.17
0 2742.38
3 4067.56
2 8648.86
2 4943.82
3 9299.02
3 7455.73
0 5858.58
2 9001.98
0 6090.02
2 7270.20
3 4961.29
3 8440.77
3 2281.56
4 9603.41
1 5888.47
4 5537.10
0 1928.95
3 8802.58
2 855.67
1 9958.03
1 8903.96
0 1632.40
5 18.87
3 6177.05
3 2469.76
4 1665.47
2 7719.93
3 5121.80
3 6511.22
1 5033.09
3 8578.75
1 7436.22
5 7928.44
1 1169.45
4 5190.10
0 8239.91
3 2201.33
2 4681.87
1 1682.85
0 5767.48
5 6632.94
4 6979.92
1 9899.42
4 8770.68
3 4279.50
4 8796.31
5 7453.37
1 66.23
1 4074.91
2 7232.33
0 9422.72
0 6112.02
0 5157.53
4 3460.56
0 7937.06
3 4994.61
1 5906.92
0 9717.85
2 6416.12
4 7710.83
2 698.69
5 6721.15
3 7717.57
4 126.13
3 9884.83
1 5139.26
3 7952.08
3 5492.81
4 1007.78
4 7253.05
2 223.12
3 9910.56
1 1755.61
0 7437.20
4 5049.70
5 5612.49
0 7666.54
4 2596.07
2 6729.50
1 9459.15
1 90.33
1 6186.70
3 7400.42
3 6523.60
0 2414.40
0 1961.56
1 3058.37
1 1150.15
4 5062.64
3 6064.04
0 8288.92
4 369.76
5 2274.49
1 8609.40
0 8970.89
0 7054.69
3 6172.38
2 8383.93
0 4709.43
2 2695.48
0 6125.00
0 6795.36
0 5256.62
3 2182.87
0 3914.62
5 9706.99
2 7677.28
5 5477.49
0 7715.85
4 8288.73
2 3517.79
3 3550.30
0 393.99
4 2517.54
2 7735.84
5 8476.33
0 130.64
3 3460.27
3 3648.83
1 64.81
2 3884.30
1 2971.69
3 658.72
1 3908.29
2 6693.98
4 1940.46
4 4011.26
5 8233.62
4 2333.46
1 715.83
4 8347.26
1 9437.69
4 3324.06
5 7848.08
3 9303.84
2 8690.66
3 813.78
5 5775.26
1 9923.38
0 4489.42
1 7330.56
0 4589.15
0 1128.07
0 8544.35
4 7917.50
4 7513.32
5 8017.76
2 4881.81
4 7657.89
3 4226.03
5 6249.03
2 4545.60
2 6097.72
4 660.72
0 5253.24
2 779.81
4 1573.73
0 6417.05
2 7551.42
5 2076.16
4 954.53
0 3415.19
3 5923.66
5 2968.51
2 2802.86
5 1926.23
1 2691.06
3 4957.30
2 4466.57
3 2611.49
3 7867.86
2 2446.94
5 6106.33
5 5703.52
0 5441.60
4 1078.72
0 7167.80
0 961.69
1 9539.18
0 8342.20
1 3305.96
5 4535.15
1 4736.57
3 8847.87
1 4269.69
4 1365.80
5 7270.07
5 9143.87
5 5754.10
4 4264.47
3 6406.75
0 9459.55
3 728.63
1 3292.66
2 7732.17
2 2258.79
4 8248.71
1 1583.02
2 2612.86
2 9985.78
4 258.67
4 6231.19
1 591.66
4 6886.12
5 9393.84
3 5391.87
1 3973.53
1 2286.07
2 3289.62
3 5211.93
1 6359.83
5 5212.69
1 3405.29
5 2733.36
4 9388.62
4 2737.86
2 8870.42
2 3398.90
0 4439.12
4 6928.70
4 8361.68
5 4293.11
1 8557.82
0 7787.48
3 5517.84
4 6751.78
4 6364.35
0 2063.72
3 5900.80
4 4472.36
3 2194.61
2 321.21
2 6010.46
2 5758.38
2 9239.31
5 7142.99
1 7361.24
0 1030.56
0 4935.44
3 1856.79
1 1128.03
0 9237.44
5 4368.67
5 9664.06
4 1369.42
3 9298.38
2 5944.37
0 5555.18
4 7336.07
0 5211.73
4 6085.17
4 5893.72
5 7871.84
5 5960.94
3 2212.84
5 5052.67
0 3415.82
1 3851.48
3 5772.17
4 6985.25
1 3612.68
4 7411.38
1 9554.93
1 4113.30
0 1039.51
3 7488.12
3 6081.45
5 8415.96
5 4056.71
5 7674.80
4 6297.81
4 2101.52
0 4290.91
1 2698.31
3 346.38
5 7745.10
3 6757.56
2 902.39
0 4667.53
2 275.27
5 3131.23
0 9458.29
4 2190.36
4 5692.02
3 1171.19
4 3435.99
0 4870.18
5 3899.31
5 5810.29
2 2368.60
3 330.63
2 5534.67
3 9914.79
4 442.93
3 6868.27
4 5178.87
5 5223.06
0 8948.98
5 3577.32
3 5828.42
0 6470.93
3 2121.10
0 4852.52
3 2013.63
1 4211.45
2 3.74
5 1027.85
3 1445.19
3 4337.01
4 4474.50
1 9408.88
5 7571.96
1 4811.44
5 7057.36
5 2456.65
1 7932.86
2 2620.09
2 9658.91
1 2380.87
0 5685.57
1 6445.56
4 1860.34
2 3900.18
1 4195.04
0 3076.96
1 898.03
0 9427.35
2 7064.38
3 8060.58
2 2965.53
3 3437.26
3 8491.14
3 3599.57
2 6969.84
4 5275.40
4 1331.73
5 9210.67
5 4374.61
1 2164.72
1 2756.72
4 3145.73
4 1263.30
1 6668.70
3 9879.94
1 5085.70
3 1254.95
5 5368.36
0 244.17
5 3115.17
2 405.40
0 8011.12
2 4546.13
3 484.97
0 7726.84
5 8889.23
1 1483.75
2 170.89
2 7458.44
1 4705.65
4 7108.38
3 7736.21
2 1720.90
3 5685.19
1 3564.85
2 5505.83
5 4687.69
0 9188.64
2 4602.19
2 3559.91
5 1905.90
2 7587.83
4 7737.67
5 5554.79
0 899.34
2 4659.34
4 5457.27
4 9878.93
3 1686.90
2 7254.67
2 335.09
2 9151.80
3 8348.78
3 1504.79
4 1454.65
0 3573.46
3 5273.62
4 5316.69
4 2014.97
1 6132.67
4 4219.13
5 1419.99
1 504.04
4 181.28
1 819.21
5 7721.15
0 322.70
4 2382.89
2 1670.20
0 4223.38
0 5241.58
1 6543.31
2 5629.28
0 8269.76
0 574.05
4 6330.91
0 5457.62
2 2367.66
1 2447.86
2 7394.50
5 8441.26
4 1352.09
4 58.40
2 1886.62
4 7122.41
