4 6094.54
4 3871.72
0 9218.17
2 9566.22
5 3408.98
0 361.20
1 3336.75
2 6499.36
5 4614.12
2 5469.44
4 5246.72
2 2216.17
2 1589.39
2 452.47
2 7657.59
1 7619.38
1 6926.38
5 8353.68
0 2595.21
5 5199.99
0 5704.61
4 743.81
1 461.89
2 2343.68
5 2666.03
1 9205.23
4 217.67
3 1666.80
4 4358.27
5 4255.79
3 6503.23
3 7326.88
4 8317.13
1 6907.52
3 2024.55
0 8753.40
2 3858.60
3 555.62
4 6019.73
3 5743.76
2 1550.57
1 3392.86
0 2128.37
2 1369.99
1 934.82
0 4044.86
4 1483.60
1 1641.42
1 8569.32
0 5621.51
2 9347.27
1 3368.67
5 961.33
0 5879.82
5 6108.54
2 4174.19
0 9461.55
4 3693.57
5 5966.21
4 1094.80
4 6689.66
0 4524.93
5 9114.97
0 6721.35
2 6561.52
4 93.65
0 5756.15
2 4321.09
4 2488.34
3 9938.77
2 2752.99
1 5887.70
3 818.26
3 5068.42
5 6250.94
1 9564.63
4 9090.45
0 6392.98
4 6083.22
3 5386.89
1 1172.17
2 3136.83
3 282.01
2 786.58
5 3849.12
3 8924.04
1 515.46
0 9807.63
3 1939.29
4 5733.36
1 1770.99
5 2474.83
1 1500.72
1 8417.75
1 2105.10
2 3262.68
1 3203.46
3 4983.85
2 779.99
1 109.30
5 435.96
5 326.58
0 5607.40
1 7920.60
4 9216.34
2 3614.32
2 2819.82
5 3010.23
4 9478.73
0 2019.86
3 5289.57
3 7420.42
3 9805.10
4 5992.51
2 7415.92
2 4569.17
0 172.79
3 3766.70
5 7500.64
4 169.03
2 9788.09
0 5302.27
3 932.21
2 4862.79
2 9576.27
2 8351.85
2 9999.16
2 7521.42
1 1398.18
0 1850.71
4 8652.64
5 649.54
2 8563.96
2 4324.21
2 3038.72
3 1843.74
0 4714.00
0 7508.29
3 1120.62
5 7749.10
1 637.48
2 7878.31
5 7211.26
3 9459.15
3 1098.97
0 1281.52
5 9736.30
0 804.66
3 6243.14
5 8368.47
1 3048.22
4 3476.52
4 4648.12
4 1018.68
2 6611.52
2 5428.00
2 7597.72
5 2455.90
2 7379.47
5 1501.87
1 6642.78
1 6248.22
1 3682.73
2 7727.36
4 9022.06
2 1888.48
5 1450.09
2 3232.71
0 8012.98
3 7150.03
3 6081.67
0 6218.17
1 7782.37
3 9913.47
5 5794.93
3 2935.15
3 4807.77
3 4659.45
0 4763.76
3 1116.56
0 439.43
2 1322.95
5 6870.98
2 1803.80
4 1673.33
5 6704.25
5 3394.51
4 6015.67
4 9705.63
0 1132.12
2 447.62
3 5204.52
1 8338.80
0 5574.23
0 4493.51
4 6944.85
4 6809.71
0 6890.39
5 6754.56
2 9799.96
5 4110.06
0 1423.74
4 9836.45
0 3811.56
2 4369.42
2 9625.29
0 2387.72
5 5557.97
0 5371.21
1 6907.04
5 114.77
1 9226.13
5 4771.94
3 8419.18
3 3972.84
5 7642.68
1 1093.95
4 7946.38
0 8853.22
1 9709.42
0 9062.13
0 3618.81
0 8586.93
3 3188.59
4 1354.70
4 5632.95
4 5585.27
5 4283.12
5 1338.59
3 3677.64
4 5937.54
0 7957.29
0 3859.57
0 4260.64
3 3286.19
2 5443.01
3 3657.51
1 631.01
5 7299.80
1 7877.11
0 3477.13
0 492.62
4 5064.08
5 7514.96
2 6444.38
4 9204.13
2 6211.35
1 465.56
3 9779.03
3 8660.69
5 5108.67
4 7393.76
5 9413.47
1 4552.80
5 5925.03
4 1134.52
2 7588.35
0 7197.47
1 8897.88
3 2664.79
0 7995.12
0 3637.10
5 8619.34
4 9378.31
2 5535.87
3 1201.42
2 7662.29
2 2108.43
1 270.90
0 5227.72
4 1366.83
5 9844.57
4 7624.05
3 6134.67
5 2107.31
0 3587.36
0 9416.50
1 3545.20
3 3860.21
5 3287.93
5 2798.88
2 7653.58
1 393.29
0 4316.62
2 6652.50
3 532.02
5 2896.26
3 2406.45
4 7529.55
0 2572.26
0 5373.30
3 8516.54
4 9702.95
1 1757.34
3 8617.66
4 7560.99
4 6395.90
0 5958.79
2 6088.86
1 7448.39
0 1761.66
2 954.77
1 7512.51
0 7377.29
2 5683.67
2 9364.26
0 8523.38
1 6832.96
4 5966.47
3 8192.75
5 7171.73
5 9230.85
4 4987.65
1 5184.68
5 613.47
5 6651.83
4 381.20
0 6677.91
4 7804.27
5 4614.76
2 1822.52
1 2155.67
3 6518.04
0 8331.55
5 8485.45
2 3191.10
3 5510.10
0 4390.16
1 4241.59
3 6979.93
3 5145.21
0 4310.61
0 172.25
1 7156.35
3 2311.03
0 8919.66
3 6463.34
2 7087.61
4 7937.04
3 4989.15
2 8253.49
1 3342.55
1 7939.40
0 8083.50
5 2505.73
4 9529.37
0 912.08
4 8061.61
4 5473.11
0 3198.02
3 8384.44
4 6178.51
0 2828.37
4 1002.39
2 5965.72
2 5232.06
2 7028.24
4 9817.82
3 6196.61
3 6699.95
5 8982.46
5 4009.04
2 6428.35
0 1312.45
1 3597.99
3 1543.96
3 7549.61
2 2006.08
4 1268.60
2 4148.55
1 1881.36
0 703.61
2 9880.21
0 9198.30
5 1060.31
0 2865.64
3 4402.36
0 3541.29
0 7230.90
4 6259.10
2 3635.92
2 1948.41
3 3366.43
3 2888.02
2 6187.67
1 5386.00
0 1039.50
4 5531.80
4 241.65
5 6806.11
5 6462.06
2 2836.36
4 4198.05
4 4649.82
0 8115.50
3 9403.43
3 7749.54
2 6758.89
4 1790.95
2 9823.39
5 5465.64
0 9891.04
4 1360.25
0 8096.79
2 7455.29
5 2534.16
3 6097.70
2 6390.11
2 4178.02
5 1214.80
0 7873.18
2 9570.83
5 4973.92
3 2996.25
3 4036.66
3 4467.28
4 2382.87
1 9361.47
1 4314.64
0 5298.56
4 6823.26
1 9176.26
5 2538.70
2 9219.71
2 8700.45
5 927.93
1 6526.55
1 8427.74
0 7515.41
5 6934.76
3 1935.81
1 7773.38
2 43.83
5 4721.65
1 8410.93
1 9324.41
5 2155.85
0 3257.20
2 8843.46
2 7825.36
2 1347.02
3 4247.53
1 5066.12
0 3499.25
0 9550.48
2 1182.22
1 5800.80
2 1136.54
2 8300.88
5 1327.61
4 5180.96
4 6916.63
2 820.38
1 8362.78
5 2668.67
4 6907.20
3 8096.79
5 5853.58
4 7686.63
3 3686.69
2 8524.49
1 4259.99
5 4785.43
4 35.35
5 3178.20
2 6672.08
5 7666.45
0 1139.99
1 1290.00
1 969.93
1 2880.60
2 9257.91
2 2999.96
2 8602.85
3 6523.37
0 7285.19
2 8950.60
0 2683.10
3 9746.30
3 174.73
0 8795.50
2 589.62
0 1405.36
1 5649.37
1 3192.54
1 8776.81
1 8666.49
4 8155.32
0 6351.76
4 9983.94
5 8888.54
0 2501.27
2 8708.51
4 5540.32
2 8604.07
3 6128.51
5 1791.96
0 7961.66
5 7918.19
1 1457.31
2 9859.32
5 1532.82
4 1145.79
0 2254.90
4 5366.22
2 1072.37
4 7007.53
3 470.41
3 7843.38
2 1574.21
1 4204.86
0 2482.01
1 8249.96
3 3921.58
3 694.32
0 6201.62
5 3374.00
3 4368.72
1 7481.56
1 2982.43
5 7350.07
3 7985.68
0 255.29
0 774.62
0 9864.57
0 8761.27
5 4681.51
4 7474.59
1 3118.98
5 1559.81
2 3678.35
5 5912.93
0 2121.39
3 3626.73
4 7491.80
4 4426.52
2 5376.49
2 5838.46
1 9892.64
3 9460.05
2 5544.52
5 6391.94
0 6314.95
2 9142.27
4 2139.40
3 2128.91
