1 2396.58
5 9082.26
0 7442.78
3 7166.24
1 8336.85
3 7920.71
3 6718.70
3 8311.28
3 8622.75
5 1983.68
5 6083.49
5 6370.67
5 8451.97
2 1317.22
3 2011.08
4 4203.50
4 5276.47
2 3625.44
1 5231.26
3 4834.89
4 6666.33
3 5346.82
1 2784.61
0 8388.36
5 276.35
2 5194.55
4 6183.88
4 4548.56
2 7048.04
4 9418.62
5 3064.86
3 6062.22
5 1279.97
4 547.55
3 2209.36
2 1285.13
3 3699.16
0 3867.57
1 4323.25
2 6282.90
4 6166.43
0 8397.02
0 3452.26
4 9493.48
1 9148.39
0 1613.78
2 6418.50
0 4458.98
4 5589.10
4 9693.57
0 160.30
0 8634.91
2 7313.94
3 7516.99
5 9358.43
3 8784.41
5 2598.75
2 5202.96
4 9231.29
5 5965.41
3 6036.87
0 426.50
5 882.04
3 5618.48
3 4336.99
3 8278.67
3 9080.39
1 763.25
0 4184.63
2 2926.34
4 4861.91
0 8811.09
1 799.95
4 7829.75
4 7827.66
3 5001.95
4 8324.93
2 3775.70
1 5526.94
2 7973.26
4 5672.38
2 6483.93
3 9805.97
3 5468.43
0 3969.99
0 8044.82
2 2505.35
2 693.09
5 4231.94
3 8946.07
4 5389.11
3 2326.60
2 6391.02
3 9946.05
2 1688.05
1 3696.88
4 3323.98
5 5551.98
2 9140.37
5 9126.18
4 6003.06
4 3360.30
0 6912.26
2 7955.70
3 8406.39
2 6017.48
1 1281.30
5 9256.89
0 3320.11
4 5058.75
5 7465.52
1 2737.15
5 2665.02
3 8382.78
2 7480.86
4 3847.89
0 8480.59
3 5619.96
1 6409.94
4 3602.55
1 3199.18
5 8152.22
0 1964.84
5 6112.62
5 343.10
2 3042.17
4 4726.81
5 9349.33
3 9277.64
5 2629.28
1 8945.62
1 7138.84
2 152.50
0 4051.05
0 6281.48
2 2898.81
5 7664.82
4 5446.89
0 7372.21
1 8124.08
1 4776.29
1 8102.60
1 8608.59
4 1129.30
0 17.37
3 6293.13
1 4000.65
3 4056.36
3 4511.33
5 9081.56
5 4517.64
2 8654.40
4 7350.98
1 832.12
2 9784.68
4 3840.21
2 460.83
3 9694.93
1 9518.74
2 546.80
5 6577.58
2 5820.37
5 4586.76
2 1868.05
5 6481.69
5 3560.95
1 68.87
0 9007.19
5 4112.84
2 4418.30
5 5209.34
5 6036.84
3 702.16
5 9993.34
3 7638.26
3 8978.63
0 1553.93
1 6697.18
1 1746.52
2 7210.02
0 1609.74
0 6480.83
3 3597.22
1 7706.19
3 8427.65
1 341.30
4 7255.98
2 5124.86
1 3709.49
4 3862.04
3 9923.24
0 3241.84
4 7008.83
0 6545.52
4 5751.21
3 5745.02
1 7752.59
0 9195.67
1 728.34
5 6894.78
0 4209.08
2 6108.11
5 3514.09
3 5058.47
3 535.23
2 1325.95
1 9606.84
0 4626.93
0 5535.85
0 718.88
2 8727.75
2 4320.71
3 9267.81
4 4143.50
0 7803.37
5 2393.89
0 6121.76
3 4442.63
3 4429.78
1 1743.32
3 5514.45
5 2541.40
2 8201.20
1 431.07
4 3824.27
2 397.96
1 9785.69
2 5627.82
3 3702.85
0 6066.64
0 130.93
3 1485.22
2 9395.68
3 7631.31
1 4682.76
5 3944.79
3 9204.35
1 5266.84
5 9999.42
2 7991.28
2 8723.41
1 3186.39
3 2644.14
3 5358.38
0 984.49
4 5732.35
0 2739.09
2 3194.44
2 2140.65
0 4368.86
1 7063.29
1 6696.10
5 3823.68
4 4833.55
4 9077.50
4 1217.66
2 5807.21
5 6206.41
5 5758.73
4 1863.91
1 5108.33
5 6153.59
1 3627.28
2 1074.37
1 160.79
5 9104.00
2 8849.10
1 7206.61
1 1192.22
4 6616.33
3 8796.31
3 9626.57
0 438.55
0 1694.59
2 4948.56
3 8313.62
5 8328.20
5 1309.69
0 9518.28
3 8488.21
2 4268.93
1 3885.08
5 682.40
5 3269.95
4 3170.22
0 1004.21
0 3803.51
5 9873.86
1 1333.84
3 5097.55
4 8523.15
1 7352.62
5 7845.63
5 7367.04
2 4110.14
2 6392.74
1 101.11
4 2705.87
1 7946.78
3 4172.26
2 4597.85
0 871.15
4 4535.56
1 9788.03
3 6627.35
4 5667.60
0 4909.41
1 8260.13
3 4999.30
2 6399.86
0 8828.18
1 3621.51
5 430.99
1 8351.21
4 4644.19
3 4100.39
2 8734.67
1 1546.74
5 4219.59
0 4903.48
0 2435.75
3 9558.54
2 2778.57
1 6607.68
0 6954.51
2 2610.80
1 6076.89
4 9668.06
3 9984.34
1 1742.72
1 9771.88
2 8050.07
0 5199.08
4 3286.93
5 8375.45
0 7493.69
5 3922.52
4 5421.26
3 3673.16
0 6417.28
1 892.61
4 1051.74
3 4991.93
0 9969.10
4 2753.47
0 3784.53
5 6199.38
2 234.18
2 407.76
0 6244.68
5 6817.59
4 8104.42
5 8862.43
0 2499.52
1 7133.93
5 4819.68
4 700.47
3 8844.44
1 9692.02
5 3687.74
1 1811.70
3 9708.94
2 2045.43
0 4990.88
4 515.12
1 7940.72
1 8157.03
2 9586.91
5 3705.95
0 1225.61
3 8326.84
1 9212.53
1 6159.92
0 8901.25
4 30.98
4 3996.68
5 1627.80
3 5922.17
2 4554.92
4 191.85
1 6852.77
5 3234.21
1 6803.35
1 3631.11
3 2143.75
1 6316.09
1 8169.96
3 6918.60
2 4637.22
3 6145.84
0 4849.62
3 861.39
5 2880.44
1 9350.03
2 6475.87
3 3150.51
0 3868.96
0 6793.48
1 2466.57
2 9798.86
2 6171.14
5 2367.45
5 5960.50
1 7343.99
2 5272.48
4 6233.86
5 7727.70
5 6323.38
1 9772.66
5 9283.62
0 4936.38
0 9030.18
3 9568.06
4 8066.70
2 2159.18
2 7057.08
1 9652.50
4 1951.84
3 4501.69
5 6636.30
4 5669.15
4 6773.66
1 5235.91
4 2283.32
5 9846.32
5 1725.06
0 2821.58
2 1752.31
4 8449.97
5 8752.59
2 4698.06
0 7811.02
1 4385.76
4 6212.77
1 7729.77
3 4842.89
0 1083.47
5 1047.04
3 7687.80
1 784.30
2 6296.53
2 6233.19
0 2650.55
0 7404.69
2 6949.60
0 2771.15
2 7706.41
1 4437.41
1 8666.85
1 7960.81
5 840.95
2 5569.01
2 6113.89
4 4229.85
4 2391.72
5 6795.01
2 2786.14
2 5269.24
1 2953.35
5 149.64
0 1376.32
3 8734.33
4 7115.76
3 8317.70
2 8354.12
1 7269.31
3 2918.33
0 8136.09
2 8890.56
2 2112.82
0 9402.83
0 3492.95
3 760.14
4 6042.57
0 7147.88
2 632.19
4 8353.42
5 4916.74
3 9167.85
1 1371.25
3 432.85
1 9570.05
5 2058.88
0 2239.86
0 7764.76
1 2322.14
0 9774.99
2 47.64
5 9260.19
3 4856.34
2 4916.92
5 6888.34
2 7757.54
1 6726.39
3 4916.65
5 88.53
3 9079.67
4 6249.01
3 3000.40
3 5108.60
4 498.36
2 8040.26
2 6312.75
5 1903.81
5 7238.99
4 3953.27
2 6085.00
0 7753.20
3 8158.15
5 6675.32
1 7230.29
2 2064.32
4 4226.99
4 7742.04
5 7248.42
4 1161.34
3 5953.28
4 4226.54
3 6823.28
5 3564.60
3 8374.81
5 861.26
1 6995.43
2 8769.27
4 4756.97
5 6850.37
0 292.97
4 5030.94
5 2627.50
