5 1695.18
3 565.10
2 9097.20
4 8447.65
3 3995.52
5 9429.63
2 3527.35
5 452.32
0 9184.42
5 965.99
0 4124.13
5 9062.33
2 7887.85
0 369.75
5 2551.15
0 5245.59
4 5239.31
2 2738.29
1 9411.76
2 4294.64
0 1352.71
1 6251.89
2 8900.63
2 7781.14
4 6607.65
1 138.07
5 5240.50
3 3828.99
3 3817.84
3 2614.63
4 9224.68
2 7151.07
3 1852.59
5 6506.56
1 5685.25
5 2795.19
1 7781.97
2 2732.33
4 5207.67
5 44.46
5 7115.83
1 4354.62
1 5911.80
5 5417.35
3 4206.94
3 6391.06
5 3619.79
5 6212.82
0 7388.72
0 9080.09
4 1231.15
3 8545.77
2 5917.69
1 4797.36
0 625.23
1 6318.23
3 8291.12
0 1317.98
0 2911.54
2 71.46
3 4010.04
1 6619.83
1 5348.13
1 7164.40
0 3358.06
3 2923.42
5 5748.35
5 7223.66
5 2266.23
4 163.45
3 7696.40
1 9310.50
5 1834.24
2 1587.45
5 2391.80
1 9749.99
0 4578.38
4 6676.83
4 5443.31
3 2067.76
4 1976.39
3 9085.60
4 9432.45
0 2979.55
3 379.69
3 9792.17
5 5566.93
0 878.99
2 4863.28
3 8159.34
4 244.52
4 5768.78
2 3083.44
2 6098.10
3 4847.32
1 2080.78
0 3713.78
3 3030.24
3 9587.06
3 8330.10
2 6529.84
0 1845.30
3 4721.59
0 48.65
4 3712.51
2 8547.06
2 4962.86
1 4943.44
1 4440.70
0 784.93
3 5396.77
2 1724.89
2 7343.43
2 2965.56
4 9735.21
1 6550.51
5 7881.85
4 8139.91
2 4220.46
2 3529.27
3 231.23
4 9361.19
0 3002.49
0 8231.92
1 5733.48
2 5708.94
1 3309.29
0 5652.61
0 2490.45
2 674.53
3 1230.57
3 6567.12
1 3168.18
4 3103.43
3 1435.26
0 8733.04
4 582.57
0 3389.58
0 6642.96
5 1877.11
5 3136.82
5 117.14
2 5169.80
1 7915.18
2 4680.73
5 4844.88
5 7368.87
0 349.99
5 5862.36
4 5228.71
0 4285.71
1 9292.10
4 6542.38
4 9177.40
1 4349.00
3 1049.35
2 1341.25
5 5236.99
3 6416.88
0 3730.08
1 2889.73
5 6899.24
1 9999.18
2 2805.44
0 9852.87
0 1029.14
1 5975.84
5 3076.18
0 9297.97
5 3107.21
0 3631.85
3 5989.12
2 5476.63
1 4481.56
5 2329.09
2 3748.65
2 9591.35
4 9325.16
1 8635.27
0 4168.68
4 7616.94
4 1493.68
5 2230.31
4 2710.13
5 5747.02
5 3979.10
1 6410.61
2 649.49
4 5536.00
5 6154.50
4 1511.29
2 823.65
0 3306.75
0 6505.24
1 2066.88
1 4896.35
0 894.37
3 1041.98
3 1030.75
3 8591.51
4 7296.37
3 90.70
2 6873.54
0 3838.81
2 3299.39
3 8655.20
5 1880.94
0 9276.85
0 3653.13
1 8047.18
0 2471.11
2 3059.13
3 3861.38
1 8979.42
2 4852.07
1 4408.17
3 1160.82
4 8817.29
4 1839.41
0 2863.21
5 1757.66
0 8183.83
2 9154.51
3 6666.58
2 8892.64
4 4613.85
4 2023.74
0 4234.26
4 8804.42
1 3452.23
5 5398.83
4 5155.85
3 4162.02
1 8691.87
3 3618.81
5 9669.23
2 7036.32
4 8946.44
3 7833.70
4 8055.34
3 5981.12
2 6253.40
5 2010.51
1 3898.19
4 4294.00
2 7902.54
5 841.52
4 7655.70
4 9027.25
4 3985.24
4 5375.48
4 9486.37
0 2819.34
3 5859.99
0 4691.88
4 2777.37
3 3117.01
5 3229.32
5 4438.51
1 2319.13
2 5858.54
1 23.45
0 5552.90
1 3571.93
1 3188.29
0 1786.08
3 8987.68
0 1969.67
3 7273.02
3 9757.50
3 4760.31
2 3706.22
4 4790.11
0 9350.49
3 6147.45
2 1949.60
4 9158.16
0 3214.14
5 2344.35
3 4929.33
1 80.19
2 1581.03
5 5409.44
1 4842.29
2 2469.79
1 5093.08
2 9814.55
3 9022.34
4 9330.45
3 7801.33
4 5421.05
4 7319.05
3 5658.55
2 534.92
0 7202.20
0 2130.89
2 2940.16
2 7334.76
4 7531.96
3 38.10
2 6312.04
2 147.02
4 9360.76
5 6480.63
3 8957.10
5 9471.78
1 1098.32
1 7426.41
1 804.77
2 1162.32
0 6524.00
4 4475.35
1 1106.35
5 2070.07
1 5544.89
3 2344.25
0 6955.95
4 9730.85
3 4122.01
5 178.06
4 2327.02
0 3787.49
2 4184.89
4 632.68
4 4695.08
0 9344.17
5 6854.93
3 3174.78
3 8816.71
0 4947.92
0 4797.70
0 543.74
2 9735.33
3 392.47
0 2024.64
0 9821.21
1 9583.85
1 2039.79
5 1964.38
2 2053.51
4 5254.78
4 5854.67
4 7124.08
2 6872.17
5 6507.80
2 847.56
1 6160.97
4 1058.00
0 6585.43
4 8121.16
5 6684.56
5 2493.88
2 9906.78
4 3215.86
0 4609.67
0 3451.77
2 3910.03
0 1949.48
3 3380.76
1 9659.02
1 4613.63
1 2446.59
3 8887.74
3 4089.49
3 7966.77
5 8552.72
4 8393.60
0 6924.65
1 1559.34
4 2328.73
4 4294.28
5 5630.15
1 3761.69
4 5820.79
0 6030.90
2 1592.89
2 9864.47
3 4801.03
0 5974.82
1 2264.24
1 7288.99
4 9674.49
2 7605.84
4 254.45
5 4438.26
3 1247.43
0 6803.67
5 3323.68
4 259.12
5 1552.39
0 9573.29
2 1714.98
1 4085.70
2 2425.39
2 2024.15
1 1774.49
4 7834.65
5 7030.49
5 923.89
1 7304.17
3 5122.28
3 2026.99
2 5646.58
0 2592.39
0 4374.04
2 574.76
1 4835.98
1 3567.73
2 5496.64
2 8872.79
5 3604.10
4 6021.17
0 2183.08
4 1426.44
3 9585.30
3 2342.18
3 4420.98
2 2738.60
1 8666.32
4 713.84
1 8274.34
5 5620.16
1 3712.56
2 3212.39
3 2509.33
1 8814.99
5 2110.79
0 1756.59
5 4134.20
5 9134.89
1 448.80
2 3351.99
4 7423.61
2 5799.64
0 7152.19
0 8575.67
2 3497.91
2 7177.68
4 6398.53
5 9746.59
5 27.44
5 2622.50
4 9129.46
2 7726.93
4 3132.32
2 4600.25
0 9480.72
5 8799.76
5 6047.92
3 8803.75
2 7450.69
4 5568.27
2 1626.48
1 2448.33
2 1127.59
0 8321.92
3 8245.03
5 3444.63
1 4295.76
5 5814.87
3 1190.03
3 5643.89
4 7741.23
2 6901.91
0 4089.00
1 7850.95
5 5076.93
2 6977.25
3 7459.43
3 6800.13
0 6407.98
2 5661.51
4 3945.39
5 6789.59
4 5657.10
5 4682.13
3 2311.98
2 1169.25
4 9870.72
3 7392.67
0 4768.07
5 3377.66
4 1325.96
0 3876.10
1 4687.64
5 7723.16
4 5758.83
2 8077.61
2 4299.90
1 2604.57
3 2533.95
1 5912.09
5 4418.71
5 1366.85
0 5076.12
0 5791.70
1 781.36
5 8486.85
1 2384.02
3 5518.72
0 4067.28
4 1284.68
2 4946.45
0 1989.17
1 3166.83
0 9855.82
5 881.20
1 2652.34
0 3770.50
2 419.43
5 617.22
3 171.64
1 6848.88
1 9778.06
2 939.98
1 4232.03
4 4093.69
5 1084.17
0 1720.68
