4 3704.19
5 3314.60
2 9210.03
0 5286.79
0 4572.74
1 8088.67
1 5982.25
4 3001.65
0 4614.48
2 6625.20
0 1140.59
0 2104.78
1 9575.43
2 9428.84
5 3531.00
4 9642.72
0 3770.12
0 4438.34
2 5848.81
5 8252.70
1 590.32
2 4744.30
3 8151.84
0 3315.49
0 8524.57
0 4210.29
4 7450.83
0 2640.56
2 6946.47
0 3380.32
1 3884.98
2 7316.42
5 8429.33
1 555.24
0 6490.30
3 4858.96
1 6845.28
3 5421.18
5 4068.78
3 8290.56
0 3006.38
3 5112.53
3 9165.98
5 7282.74
2 2105.69
1 5092.55
2 5665.01
5 9995.35
2 9716.10
4 9734.21
2 3004.65
0 6744.83
3 5604.67
5 9984.23
0 2529.40
5 9134.63
4 7120.36
5 7992.95
4 3979.33
1 780.43
4 6412.97
5 1093.15
5 2627.52
2 8263.01
3 8240.99
4 10.18
2 72.84
4 3441.60
1 7626.31
2 8686.74
0 4196.01
3 760.53
0 9113.56
0 5604.61
2 6286.63
2 5681.99
1 1891.78
1 8986.58
0 5849.06
0 2877.66
3 7536.47
3 761.04
0 6094.94
4 5312.07
3 9629.55
1 6672.34
2 5630.21
3 7850.56
3 7015.32
0 2419.48
1 4344.30
0 1524.51
0 4949.97
2 8206.11
1 4009.53
2 7086.74
1 902.67
1 6584.59
2 6598.28
0 8989.98
5 4265.91
1 976.93
0 5826.01
0 3420.95
5 1733.00
5 4755.43
2 9927.63
3 6523.22
2 2600.43
1 3265.77
3 6175.36
4 1441.38
1 753.08
5 3675.51
5 145.65
0 5319.45
2 2589.81
3 30.66
2 5243.07
4 9886.30
0 2647.62
0 3403.18
3 488.97
2 1761.01
4 1181.80
2 9512.29
2 7082.76
2 1110.80
0 460.22
4 8702.30
3 6743.52
3 9794.46
3 9029.28
3 5659.83
3 7339.90
2 2624.07
1 5709.64
1 8753.25
3 3815.95
5 7877.83
0 7579.18
0 1377.08
3 4920.84
1 5696.79
0 8701.38
1 184.23
2 8750.24
2 5498.30
5 8856.67
2 7588.92
0 2607.08
0 6038.99
3 4034.61
0 8422.91
5 5189.68
4 4260.14
4 2944.81
2 3128.14
0 1614.91
2 1548.14
0 6304.32
2 2368.33
0 4284.21
2 8542.99
0 8159.32
4 442.49
0 5100.40
0 2127.56
0 998.90
4 7383.15
1 7042.95
4 730.42
0 8918.82
4 2122.07
1 5609.61
4 6575.14
5 5592.95
5 1606.26
5 3132.16
4 6008.80
2 6310.29
4 3247.13
4 1474.16
3 1542.44
1 5835.40
4 585.60
4 1118.43
0 1736.54
1 6349.89
2 4555.98
1 7152.13
0 7563.99
3 2233.03
3 5231.37
0 5157.26
1 6383.61
0 939.06
3 1433.45
1 2514.27
3 7156.98
5 1729.19
2 8089.51
1 3126.87
2 3041.31
4 6515.97
2 3719.45
3 6075.46
2 9991.25
4 9577.92
2 2935.56
0 1207.38
1 2502.45
0 5402.23
1 1338.00
4 7171.55
3 129.59
0 6413.31
3 2688.71
4 9905.31
3 911.83
3 4844.98
1 746.49
1 2081.51
2 338.34
5 5514.23
3 646.29
2 6523.31
2 6986.92
4 8754.21
0 7205.25
2 9094.85
0 8468.28
5 5264.37
2 38.52
0 9075.31
1 3809.02
0 7135.51
3 7867.50
1 7524.38
4 905.93
2 1807.56
3 6903.52
3 6646.90
0 184.61
3 8217.96
5 689.52
3 5664.31
2 8095.04
0 6898.37
2 1282.75
5 1201.08
4 6577.05
5 8277.53
5 4161.21
4 2693.56
3 7128.46
5 5948.16
0 1736.65
0 5829.30
1 608.62
5 4155.64
3 2856.93
1 9524.53
1 6410.32
4 1266.29
3 8180.64
4 4447.77
3 7132.79
5 3473.10
3 3806.64
1 3597.08
2 7388.53
1 5496.71
5 8041.47
3 7939.17
0 7876.94
4 7539.36
3 8687.38
1 2617.81
4 8357.51
5 249.86
4 733.80
4 1739.60
0 5655.25
2 1957.06
0 6835.05
5 2244.76
0 5331.39
2 4929.92
2 5457.15
3 9870.88
1 8151.98
0 9921.87
4 4076.49
2 2717.30
2 4987.35
2 757.25
5 7313.17
3 418.12
0 6275.06
4 3217.72
1 2381.90
4 9431.42
3 4679.39
2 4986.32
4 6743.16
5 7452.69
1 2079.96
4 5907.24
1 5337.54
5 2460.25
1 4522.39
0 318.77
2 7285.98
0 4400.38
3 1263.90
1 5717.59
2 4438.78
2 20.03
1 6546.43
3 4511.93
3 6656.21
2 3854.98
0 5230.38
4 8121.59
1 1203.44
0 881.19
2 5921.49
2 5182.56
3 6142.69
2 8837.13
3 7723.97
1 8114.09
0 105.41
5 724.97
2 9252.41
5 4805.95
1 3327.26
2 498.45
4 1035.49
4 4683.78
3 7328.68
1 7445.14
3 4944.21
0 910.31
3 3123.96
5 7271.05
2 6777.44
4 2980.21
1 341.55
1 395.21
4 637.68
4 6466.48
2 2138.41
5 462.29
5 6229.75
5 9176.14
1 3291.27
4 8580.81
5 2715.30
1 5472.97
0 1347.58
0 1294.92
4 5255.88
4 3025.25
0 3218.95
4 2797.50
2 2877.49
2 8736.24
3 2099.88
0 4392.44
0 8789.23
3 3115.12
2 2094.72
4 6713.81
2 6789.13
0 4846.42
4 435.46
5 2709.86
4 9889.76
5 9815.52
1 9673.34
1 1899.60
4 9796.46
5 1348.22
3 4726.98
2 8909.74
4 8371.12
1 922.04
5 2169.97
5 1799.83
1 4714.19
5 1107.21
2 1640.55
0 8183.51
4 3997.86
1 4995.02
0 1756.37
1 9653.47
1 6683.04
1 8871.44
3 5417.05
5 7518.16
5 9253.16
4 7393.78
0 1877.34
4 5357.89
2 97.48
4 3028.26
5 5473.78
2 6408.22
1 6676.73
4 4006.17
1 3387.53
0 6278.45
4 2603.91
2 7556.61
1 7326.37
2 4013.01
3 5773.10
3 7673.46
4 6508.51
2 7003.49
5 1169.01
4 9174.51
2 1831.06
5 7759.28
3 4490.17
1 2310.50
1 3606.16
1 3044.52
4 5218.51
2 4681.88
4 7747.21
0 8389.12
1 268.14
2 9721.19
3 7788.43
1 3481.85
1 1846.22
2 3498.71
2 2620.22
4 6453.13
4 5658.66
3 4109.35
2 2323.35
0 7555.44
0 8093.42
3 398.50
3 6984.69
0 5249.05
5 3514.39
4 9284.74
4 5877.34
4 201.09
1 5298.47
0 3437.05
4 6887.93
3 5205.52
3 6748.80
1 3564.57
3 8573.92
0 1531.99
1 516.86
4 2076.53
5 9733.77
0 4711.32
1 7666.33
3 7370.22
1 3872.65
0 5265.47
3 11.46
0 504.89
3 8446.68
0 2389.76
4 1862.81
0 8519.26
2 1268.39
1 1095.18
5 9813.14
4 1150.56
2 8956.21
2 5818.56
2 1696.26
4 212.85
1 4810.93
0 6008.52
0 8351.70
3 3392.48
1 6001.74
0 1694.88
4 4327.94
4 6718.42
1 2444.87
4 9549.42
5 6157.09
4 2465.41
1 2257.52
2 2445.77
2 9333.75
4 1747.62
3 1169.87
5 8026.34
2 7630.95
1 3560.62
5 5778.09
0 4283.88
3 885.93
3 4529.67
1 3021.11
4 2665.75
2 9888.51
0 6121.82
4 763.90
0 1708.50
3 9505.08
2 8579.97
4 6870.21
0 6710.72
2 3670.70
5 3336.43
1 6647.38
1 3451.89
4 8382.47
3 8163.99
3 1046.34
1 6465.03
1 1326.68
2 1822.17
4 499.21
2 4871.01
0 9272.72
2 7456.55
