1 5963.88
0 7089.34
4 7544.85
3 426.38
4 3542.36
1 4472.62
1 6316.71
4 8329.05
1 9893.34
4 1615.72
1 1342.19
3 2790.09
3 9414.25
0 9826.87
5 4308.70
3 4970.05
5 7258.71
0 4613.16
0 5001.03
0 1272.28
5 2133.67
0 7086.87
1 3868.11
1 7316.73
2 2747.06
3 7899.21
2 5525.34
5 3288.76
4 601.29
0 9521.89
0 2138.01
0 2733.51
1 4327.83
3 5196.71
1 8130.98
3 9365.85
1 3258.26
1 5373.66
4 169.93
5 8966.57
0 427.15
5 4957.60
0 8859.59
2 5934.83
5 7701.92
1 7184.07
0 1104.15
1 6567.29
2 8235.11
2 2444.44
5 4575.23
5 3634.31
4 3934.42
4 2880.65
1 8232.72
4 9323.39
0 8145.68
2 6069.95
5 5343.78
5 6120.29
0 6244.17
4 3619.92
2 7945.33
0 7698.03
0 9329.59
1 2994.11
5 4195.29
2 4384.16
2 8719.98
2 3388.51
2 2557.99
5 276.60
5 1439.91
5 8979.31
3 9268.98
3 1578.35
5 9398.19
1 5362.13
2 8024.52
2 8221.39
4 7450.54
3 7503.14
2 3341.19
5 3350.00
1 8042.43
5 22.30
0 1530.82
1 7734.05
5 2627.41
5 3129.08
3 5736.08
1 8682.24
0 2556.32
1 30.95
3 3972.04
4 5525.88
3 4632.57
1 4134.96
4 1619.09
5 6243.39
1 9028.94
5 6862.77
2 2312.42
5 2295.88
1 9761.08
3 9399.28
2 3673.37
4 1244.01
2 413.12
1 4195.45
3 6828.12
2 9216.69
0 310.67
0 4545.30
3 1158.83
2 7801.64
0 8836.51
1 3057.68
3 8232.69
4 2428.30
4 8084.27
0 2342.94
2 1354.14
3 1813.44
1 6545.51
0 3734.93
2 9685.50
3 539.55
2 9025.31
2 2368.53
0 8381.50
1 9336.63
2 481.98
2 9433.15
3 8682.84
5 137.47
2 3985.86
1 4922.37
1 4414.20
5 5476.76
0 5492.80
4 6700.18
1 3831.98
2 4304.48
1 627.53
1 4204.02
5 8267.05
0 8783.71
3 1172.17
2 7605.00
0 1507.92
3 9143.28
2 1455.29
5 5745.54
3 6369.53
2 6155.58
1 7336.80
3 8674.84
1 7393.03
1 3309.70
2 2983.97
2 3102.41
2 1121.86
5 3250.42
0 3133.89
2 1590.03
1 7899.45
4 5553.22
1 1037.70
4 8802.37
5 1633.80
3 5405.66
5 4781.89
5 636.73
0 6474.35
3 5265.43
3 7182.02
1 4551.99
4 1846.31
0 4065.43
5 6944.09
2 1917.40
2 9787.95
2 1036.18
4 1288.96
2 5701.10
4 1035.99
5 3715.73
3 2735.08
4 9319.16
0 8804.44
2 2217.68
5 5234.83
3 4965.01
0 1702.35
3 4327.29
3 7359.89
3 2239.91
5 9735.56
5 8496.28
4 2730.80
2 404.56
0 9837.91
1 4306.37
2 386.11
4 72.28
0 9877.19
2 2472.14
0 286.42
4 2663.98
0 2581.09
4 8953.29
5 1648.66
2 8445.38
4 3328.57
2 246.71
5 4305.82
2 6466.55
0 8251.87
3 9428.79
2 5787.52
1 2224.39
4 1594.46
5 5017.98
2 9316.77
3 1368.06
0 3770.38
1 7228.26
5 418.13
0 267.93
0 4070.05
5 8683.57
3 2332.61
4 6768.14
2 4458.16
1 9163.68
4 2934.73
3 6943.27
3 3408.67
2 6451.66
5 8346.88
0 6179.33
4 1222.38
5 7853.45
3 946.43
5 5399.34
4 772.39
2 9459.66
0 1960.85
1 5754.01
3 122.71
5 2720.02
0 1346.12
5 7597.54
1 5965.34
3 400.78
2 143.84
0 2069.13
4 9321.15
2 6495.31
5 3012.20
0 6100.37
1 7449.90
1 7158.33
0 1126.33
1 4168.77
0 8414.60
3 2233.95
1 8143.10
2 2617.92
2 7245.70
3 9447.91
0 4425.92
5 4864.44
5 5150.23
5 5834.35
2 7224.65
4 8312.08
4 5711.38
3 3467.33
1 7006.07
0 6293.30
4 4523.69
4 9067.55
2 2630.20
2 858.63
4 1209.25
2 9554.42
2 567.67
3 4734.11
2 5260.17
5 8113.93
4 5853.63
0 3267.15
4 9652.69
2 7852.59
0 4973.39
0 9681.06
2 8678.17
4 2607.68
0 3375.12
3 9458.68
4 8936.37
1 6984.27
5 2804.94
1 2175.30
3 4936.19
0 189.14
4 6159.74
3 1601.25
4 3249.34
3 732.09
1 52.98
4 7394.44
0 1662.15
5 1564.85
2 7788.85
2 4203.20
0 2270.86
5 7727.90
0 7940.02
0 6499.71
0 9965.69
2 1075.57
1 6224.37
1 9964.32
3 249.07
3 9149.66
3 875.99
4 2741.07
3 2833.22
3 7771.97
1 4205.73
2 2384.78
1 9962.52
4 9426.01
5 5546.69
1 6819.98
1 905.86
4 1998.20
2 3279.81
1 131.93
5 6564.42
1 4948.83
3 6135.08
2 6510.16
5 640.07
4 2483.25
2 6463.52
4 8164.80
0 6309.77
5 5793.42
3 675.29
5 5535.97
3 9851.25
5 8940.17
5 4539.31
0 616.58
5 5165.30
5 5446.65
0 3539.55
1 6708.81
5 5640.01
3 5173.00
5 983.47
2 434.73
2 2302.18
2 3542.85
4 9057.82
1 4321.12
1 9701.35
5 7691.65
4 527.17
1 779.05
1 3471.60
1 6607.50
4 1270.36
2 798.37
0 6016.60
1 4834.46
3 6350.42
3 3177.49
2 9263.08
2 1808.81
5 4813.00
1 2608.76
0 5928.17
4 1398.65
1 908.79
4 7439.75
3 3245.72
1 8716.97
1 1935.26
0 430.74
4 5597.18
1 3778.60
0 5392.89
3 8328.77
0 4992.12
5 4071.39
3 651.34
4 8578.43
4 843.81
4 611.84
1 2820.79
0 3989.97
4 2985.21
1 4555.60
0 9023.82
5 8684.71
1 4370.52
1 3933.00
5 9763.11
0 1138.34
1 2407.85
2 2580.09
5 580.26
1 2642.25
1 368.06
0 5835.41
4 1701.06
5 2003.30
0 2815.27
5 72.82
1 5862.55
3 9802.28
5 1504.31
3 5640.66
5 7017.15
2 8031.41
2 690.30
3 5277.67
5 5109.12
5 3431.20
3 3295.92
2 2575.86
3 4618.84
4 5346.90
5 1881.41
0 7560.66
5 7069.95
3 1424.99
3 862.79
5 8958.79
5 194.94
0 6969.94
1 8923.58
5 5223.95
4 8954.34
1 6281.47
5 3065.28
5 8890.84
0 6104.82
2 6792.84
0 8241.97
4 1327.69
0 2511.60
3 9330.28
2 9024.34
2 7457.71
2 9900.43
2 313.95
4 2238.42
2 2519.66
2 1244.43
2 4220.79
0 2024.39
1 5438.00
1 6481.18
1 7129.45
5 1260.72
5 5872.76
4 3755.23
4 4667.75
0 5799.01
2 4519.59
5 8881.57
2 182.89
4 454.76
1 8730.25
5 8225.12
2 1454.75
4 8199.50
4 8023.80
2 2691.70
0 6772.61
4 6499.44
5 6558.87
0 3025.82
3 3695.55
1 7246.15
4 2137.37
2 9110.49
5 6316.93
5 9224.37
1 3809.73
1 8464.39
5 9353.14
0 4562.43
4 2652.32
5 1631.83
1 9877.12
0 3110.48
4 2787.01
