2 3607.01
0 663.31
0 9160.85
1 9002.43
0 4540.88
3 1043.44
2 367.73
3 8205.26
0 770.33
2 8731.76
0 82.26
1 1876.44
3 6986.37
0 5646.82
2 296.02
2 4548.18
5 4829.22
5 3814.83
3 4161.74
0 5728.81
4 9438.00
5 1799.23
2 9873.64
0 1812.40
1 1101.10
1 7061.07
4 2089.80
0 423.05
1 15.01
2 382.89
4 5154.47
3 9576.70
5 4659.60
3 989.19
4 4878.14
1 6543.23
2 6797.45
5 3495.92
4 8133.18
1 3791.76
5 8605.17
2 322.16
1 2022.78
4 1901.81
1 9944.46
2 5696.55
1 6881.12
3 1823.25
5 6280.87
3 9891.48
5 9862.51
1 1367.84
0 257.76
3 4817.64
0 8377.34
1 3315.10
3 2433.65
0 4611.93
2 5132.66
0 5015.45
4 9190.50
0 7351.49
3 9035.11
0 1873.25
4 8320.83
1 6526.52
5 8714.21
2 9592.71
0 5301.48
0 3405.00
3 7923.59
3 2569.50
1 5761.90
4 3921.78
1 4578.16
0 8310.67
5 2154.57
4 6225.12
2 7684.92
2 265.92
3 5135.66
4 7513.36
3 8925.27
5 3952.87
5 2663.49
3 1294.58
4 8146.59
2 3759.32
4 2322.69
2 8702.00
4 4521.03
1 305.05
4 4881.96
3 9998.03
2 7629.10
3 746.25
2 9593.07
4 4899.70
2 5226.06
1 6905.21
5 4239.08
3 2858.35
2 6948.93
2 8608.15
2 5439.47
5 6926.30
2 5721.71
0 2114.00
4 7220.06
1 7343.42
3 1116.91
3 6016.93
1 8355.51
4 3476.33
3 1431.02
1 9505.42
2 1492.25
0 5243.10
4 3731.77
0 360.77
2 9559.51
3 7656.19
0 3635.03
4 2577.76
0 7476.51
4 4616.57
2 9069.11
3 5990.31
1 9663.40
0 591.63
2 4784.32
5 2784.99
4 6363.86
4 1309.96
0 6865.60
1 8285.10
4 4287.14
2 7105.52
2 9005.95
0 5888.31
1 9577.44
5 5044.29
2 4798.59
0 8540.38
4 3618.28
0 8465.99
2 2805.62
1 1628.14
3 4679.84
2 5073.78
0 3660.91
2 4674.17
5 916.95
3 7204.83
2 965.23
2 1716.33
1 2725.66
1 414.38
4 231.12
1 2754.68
0 4966.08
4 9006.26
1 2635.70
2 1148.76
1 2059.43
5 9642.66
4 2838.91
0 4348.02
1 1466.99
0 6665.90
4 2625.14
3 7838.17
2 3558.86
5 5265.05
4 4626.01
5 4686.26
1 8380.27
5 1120.22
3 2882.25
5 5567.38
2 2323.33
2 7657.32
3 9502.22
2 6655.72
5 211.96
1 4546.13
5 9175.17
3 5262.78
0 807.81
0 3574.43
1 5796.87
4 5605.67
3 6245.08
0 531.03
2 7965.51
4 9588.14
1 8401.94
2 4230.63
5 2605.58
4 9977.28
1 7716.42
4 6313.05
3 8477.75
1 5858.70
1 2454.58
0 7949.96
5 3832.27
2 2752.89
1 8938.71
0 2091.68
5 4963.97
3 2275.68
1 5743.54
4 2386.99
2 4926.55
5 8725.62
3 7368.02
5 2408.71
1 4163.89
1 2480.97
1 5390.72
4 1317.89
0 7316.42
0 2589.26
5 7616.54
2 4599.43
0 2960.15
5 3432.18
3 8222.51
2 1001.85
0 5536.23
1 2848.51
0 4410.65
0 9314.20
0 1228.98
1 1598.09
3 7575.49
2 1112.73
5 2049.97
3 6549.48
3 9494.29
5 8110.29
4 4886.18
4 2474.24
2 6547.53
2 5241.13
3 4769.93
2 9830.55
4 7477.68
2 3114.06
0 4128.39
4 8419.01
2 2694.05
2 5966.67
3 2270.59
3 9293.52
5 5631.30
2 3753.45
1 1869.63
3 9809.87
0 9169.77
1 9500.66
4 1697.90
0 9195.08
3 2625.19
0 5560.75
0 7373.25
0 4520.05
3 7315.64
4 4899.05
2 4373.78
4 9458.59
1 1213.64
0 6045.74
2 79.12
4 715.44
3 5691.12
5 2845.68
2 4096.03
2 9506.17
2 9865.09
3 2639.09
4 8626.13
3 7971.86
1 551.82
3 9005.84
2 3133.50
2 2911.12
0 8337.40
3 7706.10
2 70.07
1 1712.61
3 2772.37
5 6950.23
2 916.55
3 7870.58
0 2198.40
4 5630.74
3 4296.72
4 5966.36
0 6214.67
2 5649.06
0 422.90
0 8498.65
4 1291.82
3 6970.00
3 8630.38
2 9445.32
2 2541.41
2 6536.66
5 7258.71
4 1939.66
1 7148.43
4 4678.60
5 7637.57
3 9943.74
3 7474.95
1 5146.23
4 6435.04
3 6301.86
2 4342.56
4 7403.93
1 3126.16
2 2056.73
5 3501.45
4 2315.04
5 1839.53
1 4411.36
4 793.96
5 4851.35
4 9339.76
2 3219.36
0 4020.37
1 9959.85
2 3403.55
0 8386.46
3 2014.85
3 219.81
5 8347.40
0 3066.14
5 3939.23
3 6422.67
4 6964.47
3 32.16
0 4302.46
3 4707.79
2 628.62
0 1110.72
0 1713.73
5 6386.84
5 1823.39
5 2055.16
4 1876.72
5 9089.49
1 5853.71
2 7745.99
0 7833.17
2 363.44
4 998.13
1 5099.01
2 2963.33
3 7361.40
3 8859.44
5 3564.42
2 4751.16
4 8747.98
3 9171.50
5 5599.66
4 9822.18
5 7459.17
0 5819.98
0 1998.79
5 3261.66
1 5447.39
0 3334.97
5 9461.31
5 7721.02
4 4044.74
1 5613.17
2 283.13
3 320.32
2 6077.38
4 1127.54
4 6552.55
3 7854.47
3 8363.86
5 1382.12
5 3734.08
2 3311.18
5 5730.08
5 1870.02
0 1022.84
5 9208.32
0 173.88
3 7292.11
1 8352.49
1 5758.59
4 1311.95
3 5294.56
0 2439.29
3 4369.21
3 6741.85
4 5482.75
3 6745.36
1 9484.55
1 3452.09
2 2969.54
2 2743.74
0 4279.51
1 3912.93
1 8215.60
2 2368.11
1 8211.28
0 2980.80
5 7419.74
3 4030.16
3 6937.62
4 4249.14
2 216.90
2 7087.10
2 7609.13
1 6978.46
2 3941.79
5 2142.42
3 5043.56
3 7238.40
1 6215.78
3 7062.53
1 6789.84
4 9394.74
2 115.06
3 1092.23
1 7589.76
3 6573.90
4 8677.71
1 1951.63
2 6245.01
3 1238.12
0 8007.67
5 3297.56
1 397.37
3 9503.74
2 733.24
5 2432.13
1 7230.04
4 5335.72
5 4078.03
1 641.26
0 597.68
3 3250.95
1 9302.14
2 1046.11
0 7593.21
5 663.40
3 1771.47
5 1350.04
4 58.96
0 3503.73
0 3412.74
5 1364.10
1 9050.20
5 1246.27
2 1812.37
0 7693.73
4 2758.64
2 9976.15
4 2716.68
0 469.52
2 903.89
4 4629.42
5 5191.52
5 9504.89
5 1100.66
5 4038.96
2 1198.91
3 9763.42
4 5209.40
4 4918.98
0 3848.74
3 8518.71
3 6178.32
3 3420.92
4 1083.04
5 9089.56
1 8384.56
2 5393.57
2 4050.95
1 8533.24
1 6982.30
4 8980.28
4 1931.97
2 9179.77
1 4265.63
3 5685.94
5 7465.41
4 6389.90
4 3554.04
0 8546.67
2 9943.86
0 7419.65
2 3608.29
3 8534.99
4 4928.38
3 8774.31
2 9084.46
2 2833.25
1 2443.40
2 1934.54
2 5034.06
3 1108.15
1 7909.00
5 9837.50
1 5957.93
4 8419.22
2 2568.40
5 8995.85
5 2421.88
2 5893.97
0 2668.58
1 4637.31
3 741.64
5 2802.60
0 9151.68
0 8747.70
3 3745.18
3 6165.07
