1 8150.83
2 4911.70
1 1815.46
3 313.33
4 5593.82
2 3791.96
3 7170.62
0 6382.02
0 5063.09
0 282.11
2 9580.40
4 5419.27
0 4156.95
5 4682.63
2 1494.86
2 5332.95
2 7983.75
0 5158.73
3 5462.07
0 4576.88
2 1541.98
4 65.11
5 8440.92
4 65.37
1 5545.83
3 1811.82
4 2782.00
4 6414.21
3 266.48
1 9966.54
4 4696.88
2 453.15
4 4459.45
0 3788.69
1 3536.12
2 7455.38
1 8948.33
1 6890.56
1 7696.28
4 8029.21
3 6935.21
3 9220.87
0 5476.33
5 7117.24
4 5608.04
4 4065.98
0 1703.64
1 9048.54
0 6115.40
3 264.14
3 3449.97
5 5088.80
5 1478.82
0 2328.10
0 657.76
4 2434.11
4 4513.04
4 3671.30
2 9996.98
1 6093.49
3 324.56
1 633.02
1 2772.88
3 7605.50
1 458.70
1 7497.84
1 204.99
3 7034.29
5 8265.56
5 5204.61
2 1897.61
2 7190.41
5 7555.16
5 8940.36
5 5822.16
2 1521.59
0 9112.08
1 2314.38
0 631.70
1 9618.96
2 2139.89
1 8307.83
4 3627.86
5 6783.89
2 205.71
4 9694.15
5 200.61
3 6600.80
2 3755.27
4 4125.65
3 3061.10
4 7961.32
1 3768.57
0 1581.50
2 2087.90
1 485.00
0 3626.75
1 4372.52
4 8106.91
2 4781.99
0 8760.27
5 2398.05
1 6425.40
1 6502.86
1 6148.72
4 8850.15
2 8440.33
4 5621.11
4 8242.75
4 4060.58
2 2141.29
1 4893.39
1 8378.21
1 7685.74
1 4828.45
2 3942.98
1 7252.91
0 1924.93
2 3865.83
1 7911.70
4 2536.41
1 967.31
4 3790.04
0 2125.69
0 6182.97
4 4362.72
2 595.05
4 6720.19
4 6518.06
5 4511.84
0 6513.12
4 7668.80
0 4668.81
5 970.88
5 1112.22
3 3162.49
2 7408.56
2 6766.17
0 7030.36
3 6783.63
4 985.96
1 4413.97
4 1167.05
1 1420.32
3 3008.91
5 1840.78
2 4652.18
5 366.53
1 1953.50
0 899.42
0 7412.79
0 4553.06
1 6368.54
4 3676.35
0 5657.77
4 7354.90
5 8345.73
3 4285.39
2 3101.13
3 920.17
3 8325.89
4 6343.16
4 9243.86
1 465.97
5 811.66
1 8821.67
1 534.89
3 5486.46
3 3056.76
2 5473.23
0 2731.35
0 9318.49
1 1302.34
4 5523.16
2 5278.51
2 1010.11
2 1630.58
0 5825.37
3 1029.68
3 5937.18
3 5005.95
5 7176.38
4 7126.39
5 4113.56
5 8574.41
5 9982.95
2 5359.13
3 7639.98
4 7790.77
4 6978.63
2 2829.04
3 1237.14
4 6444.78
2 3184.59
4 6230.79
3 2308.13
0 4155.88
3 5810.04
1 5576.99
4 9475.62
3 3407.34
2 9287.53
1 5684.45
3 1039.09
3 689.75
3 3138.43
3 6242.58
0 7297.44
1 8824.35
2 2863.93
3 3784.27
0 3182.21
5 36.58
2 6556.93
5 1379.54
5 146.87
4 1849.91
3 2429.92
0 4372.25
2 8757.28
5 370.53
5 4954.50
5 2980.32
4 5928.92
5 8033.07
5 9807.48
2 5079.51
1 3255.84
1 5377.66
4 319.19
5 4991.37
1 5377.07
0 8928.74
5 619.11
4 6595.42
1 9825.34
0 9745.79
2 3174.23
0 1586.08
5 2303.84
3 9716.41
4 915.38
2 6194.49
5 3836.05
5 5162.05
3 6646.95
3 2195.64
0 8734.11
5 9826.63
2 4935.19
1 521.11
5 4830.92
0 1818.40
5 4170.49
0 8297.66
4 9921.37
1 1575.40
4 8998.93
2 2632.11
3 858.05
5 424.79
3 5818.35
4 6962.64
1 4246.60
1 1806.31
5 6534.41
1 8297.07
2 186.17
2 9730.29
4 8271.72
3 6158.19
1 3000.17
5 1540.46
2 9235.62
2 6556.55
5 5402.79
0 4551.89
1 3419.66
1 6811.13
3 5046.40
1 8634.31
5 9354.30
4 9537.99
2 4895.27
5 9311.26
4 592.03
2 6627.39
1 1370.98
3 8445.21
0 8124.28
1 6529.58
3 6714.60
2 2079.15
1 7425.33
0 669.67
2 4511.23
3 7504.80
4 5318.72
5 7311.81
2 9822.05
2 4127.81
1 4361.24
2 3692.99
4 7869.16
2 5200.29
2 4940.07
4 9746.89
1 7718.68
5 9990.99
5 7778.08
1 9237.95
2 9907.27
0 8463.38
2 2042.93
2 6626.03
3 9457.52
0 3031.97
1 6754.99
3 481.97
4 8227.31
5 4467.21
2 5689.63
2 6774.41
3 3038.74
1 1519.25
3 8468.99
0 7848.11
1 8531.70
0 6330.92
4 3038.71
5 5414.09
3 6187.49
2 210.14
1 7224.81
0 8371.94
3 3467.84
3 6832.18
3 9566.13
3 8784.64
1 9514.59
4 2442.08
5 2117.55
4 1826.06
3 6355.27
0 5127.42
5 419.38
5 8021.65
0 7060.11
0 7731.89
0 8328.17
0 8602.48
2 4795.53
2 1479.93
1 7904.33
3 7293.00
5 9219.65
1 9882.70
2 7051.76
3 4352.84
5 9164.94
4 4995.77
1 104.93
4 1192.96
4 3053.50
1 598.81
2 9058.62
4 6386.42
2 990.12
1 9367.51
4 5635.70
0 6394.13
4 4978.59
1 3608.27
5 6888.20
3 6825.93
3 6206.39
3 1625.67
3 9527.06
0 2557.14
2 843.27
2 4293.33
2 675.80
1 7521.18
4 8298.89
4 8898.17
3 5243.45
1 7498.23
4 8384.88
4 9828.70
1 2612.11
4 1720.54
1 6326.63
5 8177.38
3 7834.29
4 1614.55
0 7070.14
5 4827.56
1 5035.56
3 7500.15
0 2829.23
5 4095.16
3 3217.67
1 6567.39
2 318.37
5 7495.49
0 7157.48
3 7951.02
4 6616.57
4 9705.58
5 8597.01
4 3223.09
1 5107.50
5 1292.11
2 5420.04
0 3123.94
0 5441.22
2 5275.55
1 9010.35
1 3851.91
4 3962.89
1 7100.57
2 2487.09
4 8732.12
3 3553.63
4 83.19
5 5012.58
2 3584.55
4 4328.99
2 904.90
3 9867.72
1 6611.76
5 9140.23
4 2224.07
3 6490.46
1 6126.64
0 323.79
3 1975.08
0 9172.65
5 1940.34
5 6644.26
0 1425.22
0 7610.40
3 8730.92
0 1876.08
3 6560.01
5 7003.50
1 2212.76
0 8969.46
1 9866.96
5 7899.09
3 1427.30
5 6245.55
1 2088.24
3 8474.81
2 2975.27
3 4566.55
5 6012.57
1 4456.97
0 5510.73
1 6925.66
0 6876.52
1 4368.83
1 5317.29
0 4402.54
0 6445.74
5 304.45
2 6286.82
1 4929.35
5 346.18
4 6923.28
0 120.90
2 3812.83
3 715.86
2 3861.00
0 5075.37
1 7457.59
2 8747.31
5 9251.72
0 4068.29
4 4236.12
1 4191.10
5 4557.01
0 5471.63
1 8950.64
1 1390.74
1 3396.91
3 2406.94
3 9832.20
0 3919.29
0 9578.47
3 8865.43
3 9522.29
0 2387.89
5 2016.86
1 3472.62
3 3982.42
5 2496.68
1 6744.53
2 4218.05
3 5776.73
5 2898.33
5 8703.75
3 9970.20
3 673.14
4 4944.43
1 8517.72
3 7097.01
1 9008.35
2 8885.25
