1 2749.33
1 9965.54
3 9323.45
2 2744.82
1 9624.94
1 8226.81
3 6658.00
5 7134.80
4 5316.32
4 5490.50
1 6269.40
3 4938.52
0 9723.23
5 1781.33
3 4786.74
0 2394.78
3 8818.15
0 7117.89
0 3830.46
0 8197.18
1 3802.68
2 9914.30
1 7573.69
5 637.53
2 6888.19
4 7211.03
0 8119.07
3 1832.37
1 9208.38
0 367.76
0 449.01
1 8915.34
4 8871.64
2 2351.15
2 1207.08
5 4578.47
0 9660.94
2 5250.16
4 8068.43
5 1844.88
3 3389.15
5 9151.95
4 8956.95
0 455.96
1 1417.61
0 6010.99
3 2867.08
4 4755.71
2 3345.61
4 4644.35
0 6548.09
4 5455.08
0 3378.82
0 5485.80
0 3808.51
3 159.13
5 7384.32
2 6231.72
4 6698.67
2 39.82
3 6140.02
0 2011.48
1 329.11
5 2537.26
4 2786.50
5 6215.24
0 5582.62
4 2472.18
2 4988.77
2 611.85
3 6477.83
4 6452.51
1 4816.04
5 5889.74
2 1442.04
1 7956.78
5 1847.19
0 6253.61
0 251.21
5 2977.29
3 7509.64
5 4209.73
2 894.85
4 8605.73
5 1159.75
5 4172.58
3 3123.67
3 9444.11
2 912.17
5 6025.81
4 7937.78
3 9223.88
0 4726.30
0 2270.18
0 4773.21
3 7515.93
4 9757.43
5 4891.36
5 644.70
3 3914.36
4 480.49
2 580.37
3 8002.35
5 4576.85
1 8594.19
0 5439.56
3 560.20
2 8504.37
2 213.41
0 2806.78
0 8854.37
3 3443.11
2 8357.54
2 330.73
0 9788.56
2 3791.39
0 1242.67
1 4930.19
1 6924.94
1 5394.41
0 9385.51
5 6769.95
5 777.94
3 4609.62
4 7026.63
3 5886.33
3 869.01
0 1525.52
4 5881.10
0 7595.00
1 3799.98
0 9716.76
0 1724.12
3 5314.00
3 4102.99
3 7418.22
5 6819.56
5 1934.67
3 7124.63
2 7501.10
4 3699.31
5 3373.47
1 5702.29
5 6133.56
1 8300.96
3 437.29
2 4890.36
0 2508.95
2 2972.02
3 7635.24
4 1494.19
2 4524.38
3 2348.11
2 69.64
5 7669.62
3 7792.33
4 7613.25
4 2039.05
1 345.90
5 7868.27
4 7149.81
5 3486.14
2 729.68
5 8077.01
4 4086.11
3 2923.27
4 648.11
2 7820.64
0 3749.37
2 7968.41
0 4988.68
3 8750.83
5 6531.94
0 7124.55
1 1993.70
0 8688.32
4 4178.46
4 8935.02
4 5667.16
3 5672.41
1 1.90
0 7147.83
1 7051.88
4 7023.31
2 6036.27
0 3021.68
3 3634.70
1 800.07
0 2633.72
4 8406.58
2 8637.52
4 9536.94
4 8513.98
3 5731.70
5 4452.03
1 8641.10
1 1773.86
2 3533.48
1 6975.91
4 4334.28
1 4864.59
0 8656.70
2 108.38
1 8521.41
4 9044.98
0 8761.29
0 2162.77
3 468.89
4 6317.96
5 1267.76
0 8454.16
5 7675.38
0 9358.63
1 7374.09
2 6819.58
1 817.91
3 2441.26
4 2276.75
1 5328.95
2 156.10
0 8873.39
3 5228.84
4 3944.22
0 3277.38
2 2944.67
4 5568.04
5 4384.81
3 6565.90
4 6898.22
3 3347.23
5 4956.95
5 5278.00
4 5932.45
5 5700.56
2 9604.88
3 9607.18
4 6741.12
1 2577.85
2 2941.66
1 6621.07
0 7599.28
2 7980.07
0 5517.33
4 453.58
4 503.20
0 5328.68
3 6082.46
1 5634.80
0 8371.88
1 8101.82
4 104.58
1 941.46
2 2817.97
3 9369.87
1 6295.59
1 3650.97
0 496.06
2 6363.52
5 5407.84
1 6581.62
2 8535.95
3 8706.86
4 8056.63
1 2801.85
4 2068.94
4 1448.57
0 827.05
0 5391.46
2 9354.66
2 6523.80
5 2422.99
3 2137.44
0 2516.59
4 8779.68
2 4115.96
2 7547.36
2 4393.81
4 5197.28
3 1251.77
1 7063.05
0 4516.93
1 8442.71
2 5072.68
1 857.39
3 9715.95
5 8380.37
4 6612.93
4 7097.13
4 7367.96
4 7680.91
0 6925.48
2 7054.34
3 1792.30
5 156.99
2 397.69
0 6949.53
2 6801.28
2 2959.41
0 413.87
4 3909.08
3 9913.94
2 6266.58
2 9122.36
3 5919.92
5 6240.96
4 6600.07
0 5565.09
0 8164.17
3 2548.34
2 2399.06
4 8927.38
4 616.65
5 4507.71
0 2986.58
3 6165.78
2 4287.91
2 2641.16
4 4560.17
0 5771.76
2 5995.86
0 4968.31
2 9339.98
1 1929.09
4 4048.53
1 6863.42
2 6507.01
3 5822.74
1 9720.93
3 1130.47
3 6064.33
1 3357.01
3 1908.83
4 3803.88
0 9254.04
4 1040.86
2 4842.18
1 3682.84
3 1662.89
2 4298.07
0 1241.08
3 6106.86
5 7649.26
1 4960.25
5 5797.01
1 3980.52
3 7224.42
3 7200.32
3 6362.25
3 1555.24
3 9020.76
1 3664.33
3 2730.19
1 8975.70
5 5479.93
1 6059.62
1 5389.48
3 8098.93
0 8893.59
5 6956.72
1 9134.62
5 2593.76
3 9429.68
4 2063.29
3 8916.02
0 7828.48
2 8776.94
3 4727.53
1 7812.25
4 8554.56
3 5540.53
2 6929.03
4 9507.28
4 4894.14
5 1021.60
3 3514.94
1 155.48
2 9639.18
0 6513.53
2 8939.11
4 7017.38
0 2370.14
3 5747.77
0 8262.13
0 3748.72
3 8401.83
1 8621.93
4 6670.01
3 4725.89
3 3064.37
5 4843.15
4 4269.43
4 3290.34
3 4327.14
5 8619.38
2 5417.20
3 1294.92
2 9273.28
5 8031.41
2 4341.89
0 9834.92
4 2432.82
3 5218.57
3 1315.38
5 3546.55
2 6482.14
2 6010.84
4 6132.10
5 3355.83
3 8317.51
2 140.09
0 8153.93
1 5060.52
4 6010.64
0 5663.47
0 4678.34
3 3628.08
1 4654.02
2 3731.60
4 1887.76
1 5592.28
1 1603.75
0 2334.41
2 5138.01
3 4431.51
2 4127.89
0 157.43
2 7843.37
0 6311.32
5 4967.90
0 4181.48
1 716.45
4 6074.29
3 3821.21
3 7158.31
2 5620.32
3 5859.82
3 5252.52
4 3595.25
1 791.00
2 1236.75
2 6041.82
3 5381.56
3 6687.94
1 2231.64
0 7476.83
1 689.29
0 4230.38
4 9135.47
2 597.74
4 2281.54
2 9677.41
3 5471.58
1 4901.99
0 3860.82
0 2909.45
2 3007.73
5 3517.00
3 5590.42
5 8369.12
5 6194.97
1 348.54
4 2421.59
0 419.17
1 5916.28
0 7212.69
3 1359.23
4 7375.34
0 4927.61
1 1459.12
1 6299.13
3 971.97
5 9874.36
0 7093.45
1 1569.27
2 518.20
1 7265.92
5 4906.62
4 7808.30
4 3502.41
0 3291.12
0 9619.09
3 6313.79
4 6903.02
3 9857.54
3 4547.49
0 493.14
4 5963.10
2 1737.27
1 6801.74
4 5550.03
4 9686.91
1 2202.14
2 8520.44
0 39.06
4 4815.99
2 7031.08
1 2152.12
1 5421.56
3 2542.71
4 9272.55
2 290.48
3 2255.29
