2 8226.38
5 3904.13
1 551.28
2 1471.09
5 7227.91
5 5057.99
5 2865.91
1 6201.59
2 7566.21
5 6755.00
2 6181.37
1 742.94
5 1817.62
3 5482.73
0 6627.21
3 903.19
4 2597.34
5 7683.06
0 1263.37
2 8082.65
4 4056.40
5 8156.58
5 4341.83
0 6412.82
5 8113.05
5 1922.29
1 2775.44
5 4385.60
2 2489.08
0 9727.68
0 4134.12
5 7418.16
2 121.08
5 9904.75
1 2988.95
5 298.86
1 2017.32
3 1767.12
0 3924.29
3 959.41
4 8130.26
3 8243.56
4 2038.31
3 9518.64
3 3315.16
5 7943.37
3 4252.27
0 9043.19
0 7945.07
3 9348.71
0 7248.75
0 6970.48
4 5252.45
4 2329.43
5 359.30
4 8639.13
0 9967.89
5 4675.58
2 4221.73
3 6872.34
2 5326.04
1 3842.86
3 8527.32
5 4059.34
1 8009.17
5 6606.46
4 4678.36
3 5680.44
3 3098.79
4 1818.54
1 1676.24
1 6720.70
2 3605.32
4 3964.66
4 6060.48
3 4917.94
4 1646.47
0 7714.39
2 9218.94
3 7289.91
3 844.45
3 6161.63
3 7889.60
0 8886.44
0 2012.34
0 7949.71
3 6174.14
5 5211.40
1 6699.98
2 976.74
4 9883.70
1 2260.24
2 5669.67
3 2876.49
5 6537.09
0 618.03
3 1871.97
5 970.01
3 6831.79
1 2563.52
0 9991.97
1 6883.49
2 5908.02
0 3624.59
0 7136.29
1 3527.51
5 5226.26
3 2530.18
3 1731.11
0 4633.06
5 8378.43
4 6004.20
1 201.65
5 9539.67
0 6653.13
5 7346.65
1 3503.22
3 8430.87
4 2675.21
0 247.34
1 8074.39
3 5712.41
1 2940.02
3 1777.39
5 8282.38
5 1728.42
3 2562.56
3 1003.93
2 9931.10
3 5510.99
1 8062.00
5 2173.29
5 6902.16
4 3758.30
4 6501.70
3 3907.98
3 5499.05
5 3736.78
4 1805.21
1 8362.80
5 3564.96
2 302.41
2 1568.42
0 6785.28
4 3944.43
2 9736.76
5 188.30
1 425.97
0 4359.18
1 5592.79
5 6628.44
1 8243.69
1 8268.43
1 4245.89
5 7641.73
2 5351.19
0 3784.12
1 345.46
1 9770.56
5 8646.43
5 211.09
0 4862.26
4 5944.78
2 8574.88
2 4282.84
4 926.95
5 4997.68
4 8468.06
5 662.97
0 5155.06
4 4920.49
3 5403.81
4 3782.68
0 4653.69
5 3175.53
1 9033.30
1 584.68
5 2405.35
2 9888.35
2 7320.44
0 6243.71
4 6224.16
0 2239.31
4 638.70
2 7434.15
4 8979.69
5 874.76
2 8170.90
3 214.89
1 283.95
2 1658.13
1 3057.08
0 2101.79
5 2336.52
4 8581.42
2 5235.89
1 398.16
1 5123.53
1 6157.18
1 3424.79
3 1353.39
4 8665.39
5 2111.44
3 184.32
2 7220.22
4 2508.92
2 3697.82
4 6511.82
1 780.86
5 5158.99
1 3453.25
5 4909.84
2 9412.23
2 8645.08
1 2715.41
2 2374.67
3 3260.82
0 5918.01
5 3722.44
0 7250.11
1 4597.23
5 1272.20
2 3615.00
1 6392.04
1 7920.94
0 6488.77
0 6161.24
0 1588.90
0 2885.43
2 7894.75
5 9524.76
3 6683.41
1 4614.13
0 2033.74
4 895.99
3 9341.04
1 8477.34
4 143.36
0 1307.33
2 3910.28
2 8900.57
5 4134.76
4 6452.27
5 4320.17
5 4274.59
4 9269.51
3 1828.89
0 8460.40
2 2537.43
2 1229.20
4 3027.97
0 7989.25
1 4498.71
4 7773.04
2 4486.10
0 14.68
1 4476.59
0 7678.81
1 2524.06
2 9593.93
5 317.65
5 2162.44
5 990.78
1 4496.94
0 7370.01
1 6471.50
5 333.24
3 6178.76
4 3480.06
1 1848.01
1 3412.52
0 3406.54
4 4582.99
4 555.82
3 3886.43
5 7486.13
5 2957.53
3 9167.79
5 5478.98
4 533.76
5 2715.23
5 7808.33
3 2956.96
0 738.10
1 9594.48
0 5546.28
0 8134.07
5 1057.97
5 4629.70
4 4633.77
4 6722.71
5 301.00
2 3765.95
3 8786.07
2 4353.96
1 8028.67
4 7989.31
5 3198.01
5 2585.93
4 7232.86
2 1043.24
0 6492.14
0 8220.82
5 1229.36
1 4301.43
0 7293.86
4 1751.00
1 3713.64
1 867.24
1 629.12
2 3254.46
2 3424.11
0 3470.18
1 1839.63
1 6559.90
4 7358.28
2 3229.69
0 8211.25
3 5001.75
1 8987.06
2 8856.54
5 1010.56
0 4585.54
3 412.57
2 8362.18
1 3125.20
1 2883.81
4 9914.70
4 7846.30
1 3.05
3 4482.92
3 8831.82
3 4433.00
3 4085.73
1 6301.10
1 4220.90
4 2925.80
3 5431.67
3 8598.03
5 6242.33
0 8251.81
4 3724.07
1 9996.23
0 1714.85
0 8265.48
5 9359.04
0 7334.65
1 7785.74
2 3982.06
2 3809.24
5 3674.67
1 2161.76
2 6811.26
2 1958.43
0 278.92
2 8846.07
1 4861.31
2 1602.05
5 883.19
1 826.36
2 2883.73
4 7809.31
3 9081.71
4 3659.69
0 2929.27
2 2342.04
5 2146.18
0 6399.21
5 5285.10
5 825.58
3 7098.81
2 8808.07
3 1763.75
3 2867.11
4 7359.73
4 6305.92
3 5914.06
2 2816.65
4 788.98
5 6593.28
2 7224.36
4 1366.07
0 2443.56
5 4399.03
0 8888.38
3 681.43
2 7869.72
0 3296.40
2 1204.00
1 8263.94
3 5250.77
5 6032.79
5 5175.33
4 7234.94
2 7230.95
1 7318.65
5 3388.26
3 3240.06
1 5735.33
4 5520.78
3 7729.95
2 667.96
2 5606.43
4 2205.42
1 6022.50
3 3379.04
4 5377.48
3 976.28
1 2141.08
2 7639.28
1 6003.03
3 9553.05
3 6686.88
5 7454.55
2 866.87
1 1535.46
1 7785.24
3 5000.90
1 2887.82
5 6798.42
2 4079.10
0 1345.81
4 7043.56
1 1963.40
1 4488.32
0 5156.01
1 9132.91
2 4891.43
0 1804.98
2 9587.03
1 4096.79
0 9642.98
0 9695.08
5 49.77
1 9718.20
2 850.16
5 5176.90
1 8049.58
2 4021.59
0 8946.41
0 1146.43
3 8792.88
5 7191.85
0 199.01
2 6019.98
2 2756.97
4 1333.23
4 7989.81
3 64.56
4 3918.01
1 3888.62
4 4289.47
3 486.09
0 9832.73
3 3039.38
0 2770.39
0 9845.90
0 1269.03
5 5906.02
2 7503.87
3 4875.76
2 1580.94
2 2870.21
3 3686.56
0 5261.82
0 8523.02
4 3838.22
4 9341.80
5 4467.74
0 3699.77
2 4766.24
4 9440.84
2 7167.23
0 7345.14
5 5267.85
2 6389.49
0 356.54
0 8627.65
2 623.96
1 3325.51
1 7716.92
2 4176.25
0 4015.54
5 9171.84
4 9297.65
2 22.39
1 7299.38
5 6891.22
3 1089.73
1 4653.45
5 1147.33
2 8887.39
3 1560.67
0 3373.03
4 7869.23
3 5998.23
0 4720.61
5 6663.28
5 2739.85
2 9026.06
4 1790.19
4 7744.56
1 2150.17
0 4250.59
0 6040.35
1 7027.89
3 9403.35
5 6869.66
4 7874.49
5 3655.36
2 1475.62
5 8813.12
4 9723.24
5 6823.89
0 2562.50
1 9875.30
5 2822.11
0 2087.60
2 2730.54
4 3611.14
5 442.49
4 334.13
0 2495.03
5 1941.53
3 4646.13
4 9630.28
3 6643.92
4 4913.05
0 6133.49
4 2632.17
2 3128.21
2 4557.36
1 9256.36
5 4755.26
1 5339.22
2 4295.76
0 6764.86
5 799.67
0 8593.05
0 7834.01
5 1359.33
0 225.92
0 4142.44
1 3992.86
1 3617.30
2 3776.53
2 6536.43
3 6419.57
